png 1280 1280 hw3many.png

color 0 0.5 1
sun 1 1 1
color 1 0.5 0
sun -1 0 0.5

color 1 1 1
sphere 0 -1 -3 1.2

color 0.0 0.5 0.4
sphere 0.446 0.943 -3.103  0.0034
color 0.2 0.1 0.4
sphere -0.607 -0.750 -4.756  0.1254
color 0.2 1.0 0.9
sphere -1.373 0.288 -3.104  0.1144
color 0.7 0.1 0.6
sphere 0.019 -0.895 -4.973  0.0245
color 0.7 0.4 0.5
sphere 1.826 -1.600 -2.474  0.0068
color 0.1 0.7 0.1
sphere 0.860 0.663 -3.238  0.1124
color 0.4 0.0 0.5
sphere 0.997 0.458 -2.322  0.1084
color 0.2 1.0 1.0
sphere -0.557 -0.378 -1.207  0.0221
color 0.7 0.9 0.1
sphere 0.628 0.062 -1.639  0.1630
color 0.5 0.9 0.8
sphere -0.650 -2.431 -1.866  0.0618
color 0.3 0.8 0.4
sphere 1.220 -2.365 -3.660  0.0538
color 0.8 0.2 0.4
sphere -0.005 -2.177 -4.497  0.0958
color 0.4 0.1 0.3
sphere -0.822 -1.402 -4.749  0.0255
color 0.8 0.9 0.8
sphere 0.720 -2.637 -2.276  0.0711
color 0.6 0.7 0.6
sphere -0.424 -0.637 -4.843  0.0746
color 0.1 0.4 0.5
sphere -0.622 -1.310 -4.844  0.0290
color 0.4 0.6 1.0
sphere -0.093 -1.367 -1.129  0.0912
color 0.3 0.3 0.6
sphere 1.200 -2.053 -1.892  0.0566
color 0.3 0.6 0.6
sphere 1.842 -1.107 -2.458  0.0772
color 0.7 1.0 0.1
sphere 0.309 -2.577 -2.033  0.1245
color 0.7 0.4 0.0
sphere -1.140 0.302 -3.902  0.0484
color 1.0 1.0 0.5
sphere 0.528 0.479 -1.977  0.1261
color 0.5 0.2 0.1
sphere -1.403 -2.256 -3.628  0.0153
color 0.2 0.1 0.8
sphere 0.252 -1.792 -4.635  0.1660
color 0.6 0.5 1.0
sphere -1.844 -0.815 -2.602  0.1040
color 0.7 0.2 0.5
sphere -0.910 0.655 -2.957  0.1110
color 0.7 0.9 0.0
sphere 1.893 -0.484 -3.343  0.0080
color 0.3 0.6 0.1
sphere -1.236 -0.006 -1.909  0.0748
color 0.4 0.3 0.9
sphere -0.797 -0.076 -4.439  0.1135
color 0.8 0.4 0.3
sphere -1.133 -1.962 -4.108  0.1464
color 0.1 0.0 0.2
sphere -1.631 -1.369 -3.975  0.0640
color 1.0 0.6 0.3
sphere -1.108 -2.426 -3.736  0.0501
color 0.3 0.5 0.5
sphere 0.786 0.384 -2.016  0.1283
color 0.4 0.7 0.1
sphere -0.024 -2.637 -3.968  0.0983
color 0.1 0.6 0.4
sphere 1.017 -0.129 -4.314  0.1241
color 0.1 0.9 0.5
sphere -0.663 -2.747 -2.779  0.1185
color 0.9 0.1 0.1
sphere 0.584 -0.282 -4.685  0.0778
color 0.6 0.5 0.5
sphere -0.045 0.857 -2.519  0.0813
color 1.0 0.3 0.2
sphere 0.867 -1.373 -1.310  0.0638
color 0.3 0.7 0.6
sphere -0.263 -1.764 -1.244  0.0665
color 0.4 0.6 0.6
sphere 1.183 0.225 -4.042  0.0042
color 0.3 0.8 1.0
sphere 1.690 -0.210 -2.355  0.0259
color 0.1 0.2 0.9
sphere -0.512 -1.787 -1.338  0.0917
color 0.7 0.9 0.7
sphere 0.012 -0.826 -4.837  0.1544
color 0.1 1.0 0.0
sphere 1.841 -1.392 -3.177  0.1093
color 0.7 0.6 0.4
sphere 1.865 -0.986 -2.862  0.1299
color 0.5 1.0 0.6
sphere 1.792 -0.852 -2.557  0.1483
color 0.8 0.3 0.3
sphere -1.130 0.252 -2.137  0.1050
color 0.5 0.4 0.4
sphere -1.754 -1.591 -3.407  0.1043
color 0.4 0.2 0.0
sphere 0.503 -2.744 -2.767  0.1698
color 0.3 0.3 1.0
sphere -0.495 -1.932 -4.698  0.0011
color 0.5 1.0 0.9
sphere 1.355 -0.003 -3.842  0.1190
color 0.2 0.1 0.1
sphere 0.540 -1.849 -1.418  0.1255
color 0.9 0.1 0.7
sphere 1.222 0.183 -3.811  0.1160
color 0.8 0.1 0.9
sphere -0.516 0.688 -2.599  0.1897
color 0.9 0.9 0.8
sphere 1.314 0.453 -2.751  0.0252
color 0.3 0.2 0.8
sphere -0.522 -2.567 -1.888  0.0091
color 0.1 0.7 0.2
sphere 1.014 -2.427 -3.525  0.1720
color 0.1 0.5 0.9
sphere -1.901 -1.332 -2.912  0.0678
color 0.8 0.8 0.6
sphere -0.800 -1.936 -1.484  0.0468
color 0.9 0.8 0.7
sphere 0.664 0.786 -3.000  0.0945
color 0.8 0.7 0.8
sphere -1.476 -0.875 -1.705  0.0325
color 0.4 0.4 0.3
sphere -0.697 0.828 -3.014  0.0438
color 0.4 0.9 0.7
sphere -0.133 -0.867 -4.857  0.1331
color 0.0 0.1 0.2
sphere 0.288 -0.305 -4.695  0.1457
color 0.1 0.2 0.4
sphere -0.723 0.546 -3.907  0.0669
color 0.1 0.2 0.6
sphere -0.104 -2.879 -3.433  0.0686
color 0.9 0.9 0.0
sphere -1.809 -0.566 -2.457  0.0621
color 1.0 0.0 0.4
sphere -1.252 -2.384 -3.590  0.0429
color 0.1 1.0 0.0
sphere -0.022 -0.129 -1.304  0.0936
color 0.6 0.8 0.5
sphere 0.878 -2.515 -2.066  0.0155
color 0.5 1.0 1.0
sphere -1.428 0.349 -3.230  0.0224
color 0.3 1.0 0.6
sphere 1.252 -2.084 -3.803  0.1595
color 0.1 0.4 0.2
sphere 0.966 0.186 -4.163  0.0790
color 0.5 1.0 0.8
sphere 1.580 -0.628 -1.875  0.0247
color 0.1 0.8 0.8
sphere -0.729 -1.954 -1.474  0.0579
color 0.6 1.0 0.7
sphere 0.156 -0.010 -4.697  0.0296
color 0.6 0.9 1.0
sphere -1.064 -2.498 -2.523  0.1021
color 0.2 0.4 0.5
sphere 0.840 -2.310 -4.043  0.1270
color 0.6 0.7 0.2
sphere -1.718 -0.355 -2.448  0.0841
color 0.7 0.6 0.8
sphere -0.087 -2.904 -2.405  0.0028
color 0.8 0.8 0.7
sphere -0.316 -2.538 -3.930  0.1757
color 0.9 0.6 0.9
sphere -1.833 -0.938 -2.412  0.0739
color 0.0 0.1 0.7
sphere 1.752 -0.309 -2.968  0.1163
color 0.3 0.0 0.1
sphere 1.487 -0.458 -2.059  0.1585
color 0.5 0.5 0.5
sphere 0.707 0.675 -3.286  0.1593
color 0.2 0.5 0.3
sphere 1.474 -0.120 -3.671  0.1571
color 0.8 0.9 0.2
sphere -0.100 -2.840 -2.865  0.1519
color 0.9 0.2 0.1
sphere 0.339 0.528 -4.242  0.0018
color 0.7 0.3 0.3
sphere -0.386 -2.890 -2.513  0.0105
color 0.7 0.4 0.8
sphere 0.763 -0.560 -4.729  0.0598
color 1.0 1.0 0.9
sphere -0.046 -1.299 -1.182  0.1573
color 0.2 0.3 0.5
sphere -1.857 -0.433 -2.650  0.0266
color 0.8 0.0 1.0
sphere 0.952 -2.521 -3.354  0.1712
color 0.4 0.6 0.5
sphere 1.358 -0.688 -4.210  0.1542
color 0.9 0.6 0.3
sphere 1.652 -1.214 -3.992  0.0612
color 0.5 0.4 0.6
sphere -1.281 -0.096 -3.958  0.1624
color 0.8 1.0 0.2
sphere -1.295 -2.393 -3.375  0.0615
color 0.3 0.8 0.5
sphere -0.100 -0.489 -1.123  0.0523
color 0.3 0.8 0.4
sphere 1.213 -2.349 -3.365  0.1493
color 0.7 0.6 0.2
sphere 0.257 0.779 -3.714  0.0659
color 0.5 0.8 0.3
sphere -0.999 -0.059 -1.658  0.0808
color 0.8 1.0 1.0
sphere -0.081 -1.639 -4.809  0.0797
color 0.0 0.2 0.5
sphere 1.137 -1.711 -4.472  0.0087
color 0.8 0.1 0.1
sphere -0.689 -0.682 -1.347  0.1811
color 1.0 0.7 0.7
sphere -1.431 0.124 -3.221  0.1674
color 0.5 0.7 0.5
sphere 0.066 0.903 -3.189  0.0867
color 0.7 0.6 1.0
sphere -1.563 -0.063 -2.249  0.0284
color 1.0 0.0 0.0
sphere -1.837 -0.712 -2.629  0.1034
color 0.5 1.0 0.1
sphere 1.214 -2.289 -2.275  0.0867
color 0.7 0.2 0.2
sphere -0.481 -0.031 -4.666  0.0136
color 0.4 0.0 1.0
sphere 1.173 -0.570 -4.376  0.1409
color 0.5 0.0 0.9
sphere 1.917 -0.907 -2.794  0.0702
color 0.6 0.1 0.2
sphere -1.601 -0.149 -2.895  0.1838
color 0.7 0.4 0.7
sphere 0.119 0.402 -4.292  0.0900
color 0.1 0.3 1.0
sphere -1.147 -1.053 -1.513  0.1211
color 0.7 0.5 0.5
sphere -0.478 -1.283 -4.885  0.0346
color 0.5 0.7 0.9
sphere 0.055 -2.676 -2.315  0.1885
color 0.0 0.8 0.4
sphere -1.177 -1.513 -4.531  0.0013
color 0.6 0.7 0.3
sphere 1.114 -0.806 -4.558  0.0746
color 0.2 0.7 0.8
sphere -0.982 0.116 -1.920  0.1624
color 0.9 0.1 0.3
sphere -0.232 -2.432 -1.797  0.1158
color 0.9 0.3 0.4
sphere -1.565 -1.822 -2.074  0.0041
color 0.8 0.3 0.9
sphere 1.591 -1.769 -3.775  0.0699
color 0.9 0.5 0.5
sphere 1.690 -1.110 -2.304  0.1692
color 0.1 0.7 0.0
sphere -0.429 -1.906 -4.593  0.1179
color 0.1 0.2 0.5
sphere -1.288 -2.357 -2.693  0.1045
color 0.1 0.6 0.6
sphere 0.204 -2.023 -4.549  0.1325
color 0.7 0.5 0.7
sphere -0.524 0.727 -3.695  0.0655
color 0.3 0.2 1.0
sphere 1.493 0.115 -2.342  0.0234
color 0.8 1.0 0.9
sphere 0.854 -2.465 -2.262  0.1505
color 0.1 0.4 0.3
sphere -1.741 -1.374 -3.561  0.1329
color 0.5 0.4 0.6
sphere -0.752 -2.430 -4.000  0.1000
color 0.3 0.1 1.0
sphere 0.373 -0.734 -1.126  0.0713
color 0.2 0.2 0.2
sphere -1.090 -2.497 -2.669  0.1186
color 0.7 0.6 0.3
sphere 1.143 -2.389 -2.393  0.1013
color 0.0 0.7 0.3
sphere -0.400 -0.273 -1.272  0.0837
color 0.4 0.9 0.1
sphere 1.109 -2.546 -2.714  0.0756
color 0.1 0.9 0.1
sphere -0.058 -2.276 -1.599  0.1042
color 0.5 0.4 0.7
sphere -1.344 -2.193 -3.495  0.1361
color 0.1 0.5 0.8
sphere 1.063 -2.268 -3.991  0.0715
color 0.6 0.9 0.7
sphere -0.451 -2.479 -4.047  0.1328
color 0.2 0.8 0.9
sphere -0.591 0.718 -3.497  0.1164
color 0.2 0.3 0.1
sphere -1.190 0.240 -2.174  0.0935
color 0.1 0.5 0.0
sphere -0.346 0.733 -3.829  0.0480
color 0.7 0.8 0.8
sphere 0.989 -2.376 -4.009  0.0281
color 0.9 1.0 0.6
sphere -0.949 -2.415 -3.673  0.1677
color 0.7 0.8 0.5
sphere 0.526 0.758 -2.654  0.1327
color 0.5 0.9 0.5
sphere 1.797 -1.437 -2.594  0.1066
color 0.8 0.2 0.6
sphere -0.727 -0.596 -4.644  0.1573
color 0.6 0.8 0.5
sphere -1.046 -0.596 -1.354  0.0078
color 0.7 0.8 0.5
sphere 0.293 -1.263 -4.813  0.1451
color 0.5 0.1 0.3
sphere 1.202 -1.234 -4.491  0.0709
color 1.0 0.4 0.7
sphere -1.260 -1.348 -4.268  0.1791
color 0.6 0.8 0.3
sphere 0.854 -1.686 -4.564  0.0907
color 0.4 0.7 0.1
sphere -1.540 -1.060 -1.843  0.0733
color 0.1 0.4 0.2
sphere 0.908 -1.769 -4.543  0.0518
color 0.3 0.8 0.1
sphere 1.744 -1.509 -2.600  0.1399
color 0.1 0.2 0.4
sphere 1.525 -0.126 -2.537  0.1822
color 0.4 1.0 0.3
sphere -1.775 -1.342 -2.808  0.1823
color 0.9 0.1 0.7
sphere -0.863 -1.136 -1.244  0.0388
color 0.3 0.9 0.7
sphere -0.809 -2.759 -2.803  0.0537
color 1.0 0.1 0.1
sphere 0.439 0.613 -1.912  0.0056
color 0.0 0.5 0.2
sphere -0.914 0.574 -3.358  0.1451
color 0.3 0.3 0.5
sphere 1.678 -0.864 -3.695  0.1788
color 0.7 0.6 0.1
sphere 1.584 -0.778 -3.953  0.1379
color 0.3 0.4 0.0
sphere -0.858 -2.080 -1.777  0.1563
color 0.9 0.8 0.5
sphere 1.560 0.105 -2.952  0.0878
color 0.0 0.0 0.6
sphere -0.405 0.356 -1.632  0.0317
color 0.8 0.7 0.1
sphere -1.528 -2.155 -3.344  0.0546
color 1.0 0.3 0.6
sphere 0.190 -2.887 -3.147  0.0974
color 0.8 0.5 0.2
sphere -0.780 -1.510 -4.696  0.0649
color 0.4 0.2 0.5
sphere 1.427 -2.256 -2.893  0.0958
color 0.2 0.6 0.8
sphere 0.005 -0.665 -4.938  0.0335
color 0.3 0.7 0.5
sphere -0.542 0.881 -2.783  0.0308
color 0.4 0.1 0.1
sphere -0.393 -0.987 -1.052  0.0123
color 0.7 0.8 0.8
sphere 0.469 -0.335 -1.260  0.0789
color 0.6 0.6 1.0
sphere -0.540 -0.649 -4.833  0.0574
color 0.3 0.1 0.9
sphere 1.119 0.029 -1.749  0.0314
color 0.9 0.9 0.7
sphere -1.490 -0.911 -1.803  0.0863
color 0.4 0.9 0.3
sphere -1.076 -1.439 -1.474  0.0817
color 0.8 0.2 0.6
sphere 0.933 -2.230 -1.979  0.1498
color 0.7 0.7 0.2
sphere 1.448 -1.968 -3.710  0.1194
color 0.9 0.2 0.5
sphere -1.294 -0.286 -1.944  0.1836
color 0.3 0.9 0.1
sphere -1.751 -0.445 -2.622  0.1246
color 0.4 0.9 0.9
sphere 0.906 -2.357 -1.887  0.0246
color 0.6 0.4 0.8
sphere -1.295 -2.076 -3.717  0.1698
color 0.7 0.0 0.9
sphere 1.039 0.251 -1.977  0.0785
color 0.1 0.7 0.1
sphere 0.598 -1.598 -1.328  0.1263
color 0.7 0.6 0.8
sphere -0.080 0.850 -3.084  0.1465
color 0.1 0.6 0.0
sphere -1.395 -1.760 -1.938  0.0891
color 0.8 0.3 1.0
sphere -0.778 -1.491 -1.388  0.1440
color 0.5 0.6 0.6
sphere 1.245 0.291 -2.191  0.0325
color 0.1 0.3 0.8
sphere 0.673 -2.547 -4.012  0.0331
color 0.4 0.2 0.6
sphere 1.957 -1.217 -3.131  0.0269
color 0.2 0.6 0.7
sphere 0.778 0.774 -2.616  0.0250
color 0.0 0.4 0.8
sphere 0.893 -1.477 -4.638  0.0746
color 0.5 0.2 0.3
sphere -1.526 -0.171 -2.185  0.0814
color 0.8 1.0 0.6
sphere 0.757 0.204 -1.814  0.1481
color 0.1 0.8 0.8
sphere -0.779 0.582 -2.181  0.0555
color 0.9 0.1 0.8
sphere 0.311 -0.864 -1.156  0.1247
color 0.6 0.9 0.4
sphere 0.636 -2.677 -2.635  0.1700
color 1.0 0.6 0.2
sphere 0.364 0.866 -3.616  0.0014
color 0.6 0.7 0.8
sphere 1.816 -1.495 -3.562  0.0359
color 0.6 0.9 0.4
sphere 0.413 0.895 -2.959  0.0603
color 0.2 0.3 0.3
sphere 1.019 -2.386 -2.307  0.1452
color 0.3 0.2 0.2
sphere -1.110 0.008 -4.071  0.1574
color 0.7 0.0 0.7
sphere -1.051 -0.383 -4.551  0.0270
color 0.3 0.9 0.2
sphere 1.563 -0.407 -1.964  0.0331
color 0.8 0.5 0.5
sphere 0.598 0.605 -3.899  0.0651
color 0.5 0.2 0.1
sphere -0.572 -2.843 -2.856  0.0651
color 0.8 0.7 0.7
sphere 1.134 -0.104 -4.160  0.1473
color 0.1 0.7 0.1
sphere 1.661 -0.276 -2.523  0.1262
color 0.9 0.5 0.9
sphere -1.235 -1.753 -1.816  0.1311
color 0.3 0.3 0.5
sphere -1.940 -1.072 -2.935  0.0576
color 0.9 1.0 0.2
sphere -1.728 -0.907 -2.017  0.0100
color 0.5 0.4 0.2
sphere 1.946 -1.421 -3.173  0.0013
color 0.3 0.5 1.0
sphere 0.813 -2.181 -1.848  0.1608
color 0.9 0.1 0.7
sphere 0.817 -1.071 -1.270  0.0852
color 0.4 1.0 0.6
sphere 0.463 -2.812 -3.381  0.0918
color 0.2 0.1 0.1
sphere 0.205 -1.623 -1.293  0.1714
color 0.0 0.3 0.8
sphere -1.027 -0.660 -1.465  0.1218
color 0.0 0.5 0.3
sphere -1.417 0.240 -3.092  0.1145
color 0.2 0.1 0.3
sphere 0.430 -2.098 -1.605  0.1736
color 0.4 0.1 0.6
sphere -1.918 -1.075 -3.517  0.0118
color 0.4 0.2 0.8
sphere 1.332 -0.239 -1.765  0.0309
color 0.1 0.0 0.3
sphere -0.230 -0.634 -4.913  0.0390
color 1.0 0.1 0.2
sphere 0.851 -2.219 -4.189  0.0962
color 0.6 1.0 0.1
sphere -1.525 -1.054 -4.179  0.0714
color 0.4 0.8 0.6
sphere 0.080 0.112 -4.507  0.1258
color 0.4 0.9 0.5
sphere 0.162 -0.977 -1.177  0.1700
color 0.2 0.9 0.8
sphere -0.538 0.681 -3.555  0.1494
color 0.9 0.8 0.1
sphere -1.868 -0.330 -2.972  0.0159
color 0.9 0.2 0.0
sphere -1.695 -1.038 -3.889  0.0851
color 0.5 0.4 0.2
sphere -1.512 -1.585 -2.143  0.1658
color 0.5 0.1 0.6
sphere 0.029 -2.404 -4.343  0.0570
color 0.3 0.6 0.2
sphere -0.279 0.591 -3.902  0.1498
color 0.0 0.3 0.8
sphere -0.867 -0.106 -4.526  0.0303
color 0.6 0.7 0.8
sphere 0.956 0.104 -1.861  0.1481
color 0.1 0.8 0.3
sphere -0.220 0.655 -2.299  0.1894
color 0.4 0.4 0.7
sphere 1.367 0.339 -2.492  0.0203
color 0.3 0.6 0.9
sphere 1.267 -0.919 -4.374  0.1297
color 0.1 0.3 0.4
sphere 0.913 -2.334 -3.951  0.1251
color 0.1 0.2 0.7
sphere -1.371 -2.091 -3.558  0.1612
color 0.0 0.3 0.3
sphere 0.189 -0.817 -1.141  0.1228
color 0.5 0.3 0.6
sphere 0.578 0.005 -1.506  0.1084
color 0.7 0.8 0.9
sphere 0.337 -2.730 -2.548  0.1803
color 0.9 0.3 0.3
sphere 1.644 -0.536 -3.740  0.1384
color 0.8 0.8 0.5
sphere -1.353 -0.140 -4.144  0.0300
color 0.4 0.4 0.3
sphere 0.211 0.706 -2.356  0.1645
color 0.7 0.1 0.9
sphere -0.631 -1.979 -1.549  0.1397
color 0.4 0.5 0.1
sphere 0.301 0.924 -3.354  0.0206
color 0.6 0.2 0.7
sphere -0.426 0.593 -3.954  0.0952
color 0.3 0.9 0.4
sphere -0.532 -2.880 -2.674  0.0193
color 0.4 0.2 0.3
sphere 1.111 -0.846 -4.637  0.0152
color 0.6 0.1 0.7
sphere 0.993 0.466 -2.375  0.1226
color 0.6 0.4 0.6
sphere -1.146 -0.225 -1.630  0.0533
color 0.1 0.0 0.8
sphere 0.206 -0.888 -4.924  0.0617
color 1.0 0.2 0.7
sphere -0.242 -0.519 -4.743  0.1757
color 1.0 0.9 0.2
sphere -0.602 -1.124 -4.856  0.0446
color 0.8 0.7 0.2
sphere -0.687 0.273 -1.687  0.0461
color 0.2 0.8 0.5
sphere 0.937 0.231 -4.063  0.1235
color 0.3 0.6 0.3
sphere -0.728 -0.829 -4.853  0.0021
color 0.5 0.3 0.8
sphere 0.612 -1.109 -4.828  0.0695
color 0.1 1.0 0.9
sphere -1.822 -0.472 -3.148  0.0969
color 0.5 0.8 0.1
sphere -1.019 -2.345 -3.790  0.1365
color 0.9 0.6 0.4
sphere 0.233 -2.001 -1.466  0.1536
color 0.6 0.7 0.5
sphere -0.666 -2.466 -1.890  0.0444
color 0.4 0.8 0.6
sphere -1.571 -2.009 -3.200  0.1220
color 0.6 0.1 0.8
sphere -1.289 -0.134 -1.774  0.0215
color 0.8 0.4 0.8
sphere 0.604 -0.112 -4.579  0.0903
color 0.4 0.3 0.6
sphere 1.129 -2.503 -2.757  0.1048
color 0.1 0.3 0.2
sphere -1.521 -0.273 -2.264  0.1611
color 0.7 0.3 0.5
sphere -0.923 -0.794 -1.301  0.0555
color 0.4 0.4 0.8
sphere 1.759 -0.742 -3.492  0.1549
color 0.8 0.5 0.1
sphere 0.849 -1.213 -1.412  0.1862
color 0.5 0.7 0.5
sphere 0.096 0.609 -1.820  0.0024
color 0.2 0.6 0.5
sphere 0.260 -1.321 -1.047  0.0036
color 0.6 0.7 0.4
sphere -1.402 0.045 -3.647  0.1353
color 0.2 0.4 0.5
sphere 0.800 -2.768 -3.208  0.0479
color 0.8 0.5 0.8
sphere 0.991 -2.425 -3.586  0.1676
color 0.3 0.9 0.4
sphere -1.609 -1.757 -3.414  0.1742
color 0.7 0.8 0.2
sphere -1.341 -2.048 -3.726  0.1501
color 0.6 1.0 0.1
sphere -0.429 -1.794 -4.721  0.0561
color 0.0 0.4 0.7
sphere -0.382 -0.122 -4.548  0.1794
color 0.1 0.5 0.2
sphere 0.472 -0.711 -1.121  0.0413
color 1.0 0.6 0.5
sphere -0.145 -0.743 -4.787  0.1886
color 0.5 0.6 0.2
sphere -1.346 -1.125 -1.742  0.1529
color 0.5 0.6 0.2
sphere -0.615 -1.320 -4.673  0.1886
color 0.8 0.3 0.5
sphere -1.733 -1.913 -2.938  0.0400
color 0.9 0.7 0.5
sphere -0.796 -2.524 -2.331  0.1554
color 0.9 0.8 0.6
sphere -1.699 -1.579 -3.624  0.0995
color 0.9 0.4 0.2
sphere 0.056 -2.536 -1.871  0.0932
color 0.1 0.5 0.3
sphere -0.045 0.975 -2.780  0.0121
color 0.4 1.0 0.1
sphere -1.264 0.345 -2.237  0.0030
color 1.0 0.4 0.4
sphere -1.823 -0.756 -2.763  0.1452
color 0.9 0.9 0.6
sphere 1.363 -0.216 -3.984  0.1449
color 0.1 0.3 0.5
sphere -1.221 0.383 -2.549  0.1004
color 0.3 0.4 0.0
sphere -0.371 0.941 -2.872  0.0199
color 0.9 0.3 0.1
sphere 1.435 -2.290 -2.858  0.0651
color 0.5 0.3 0.5
sphere 0.416 -1.476 -1.280  0.1673
color 0.7 0.5 0.6
sphere -0.985 -1.717 -1.620  0.1588
color 0.2 0.0 0.0
sphere -1.644 -0.098 -3.293  0.1019
color 0.6 0.2 0.7
sphere -0.663 0.459 -3.884  0.1702
color 0.2 0.8 0.6
sphere 0.459 -0.838 -4.885  0.0534
color 0.4 0.1 0.9
sphere 1.679 -0.852 -2.296  0.1732
color 0.6 0.9 0.3
sphere -1.648 -1.954 -2.983  0.0955
color 0.2 0.9 0.3
sphere 0.138 -2.875 -2.551  0.0674
color 0.5 0.3 0.1
sphere 0.531 0.300 -1.645  0.0490
color 0.1 0.6 0.2
sphere -0.577 -1.797 -4.679  0.0540
color 0.4 0.0 0.3
sphere 1.680 -1.526 -2.449  0.1552
color 0.3 0.2 0.3
sphere -1.254 0.078 -3.868  0.1318
color 0.4 0.5 0.4
sphere -1.185 -2.221 -4.024  0.0143
color 1.0 0.4 0.2
sphere 1.380 -2.235 -3.055  0.1476
color 0.9 0.2 0.8
sphere -0.342 0.272 -4.352  0.1124
color 0.4 0.8 0.9
sphere -1.403 0.158 -2.353  0.0692
color 0.1 0.1 0.8
sphere 0.711 -2.640 -2.165  0.0272
color 0.2 0.9 0.1
sphere -0.043 -0.835 -4.979  0.0134
color 0.1 0.2 0.1
sphere 1.324 -2.312 -3.145  0.1309
color 0.6 0.2 0.4
sphere -0.478 0.458 -1.765  0.0309
color 0.9 0.3 0.0
sphere 1.139 -1.451 -4.402  0.1386
color 0.4 0.7 0.7
sphere -1.678 -0.256 -2.438  0.0809
color 0.5 0.5 0.1
sphere -1.195 0.138 -4.110  0.0116
color 0.9 0.3 0.2
sphere 0.601 0.651 -3.835  0.0543
color 0.3 0.4 0.5
sphere 0.884 -2.413 -1.927  0.0177
color 0.8 0.5 0.1
sphere 0.233 -0.855 -1.038  0.0193
color 0.7 1.0 0.3
sphere 0.794 -2.556 -2.095  0.0327
color 0.8 0.8 0.2
sphere -1.163 -0.968 -4.485  0.1136
color 0.1 0.5 0.6
sphere 0.211 0.484 -1.922  0.1539
color 0.7 0.7 0.1
sphere 0.355 0.800 -2.609  0.1239
color 0.8 0.7 0.4
sphere -1.442 -0.689 -1.747  0.0651
color 0.3 0.8 0.1
sphere -1.535 -1.986 -2.647  0.1423
color 0.8 0.4 0.1
sphere 0.925 -2.505 -2.235  0.0749
color 0.3 0.7 0.8
sphere -1.552 -2.144 -2.883  0.0681
color 0.5 0.8 0.4
sphere -1.329 0.237 -3.358  0.1492
color 0.6 0.4 0.5
sphere 0.182 0.921 -3.204  0.0596
color 0.1 0.2 0.1
sphere -1.615 -0.817 -3.865  0.1586
color 0.6 0.1 0.3
sphere 1.775 -1.732 -3.459  0.0265
color 0.8 0.0 0.1
sphere 1.275 -1.471 -4.418  0.0363
color 0.8 0.1 0.2
sphere -1.023 -1.883 -1.659  0.0962
color 0.6 1.0 0.2
sphere 0.655 -1.080 -4.847  0.0383
color 0.2 0.1 0.5
sphere -0.063 -1.045 -4.930  0.0688
color 0.5 0.4 0.9
sphere 0.322 -2.775 -2.495  0.1265
color 1.0 0.5 0.0
sphere -0.603 0.219 -4.231  0.1654
color 0.3 0.8 0.9
sphere 1.554 -0.860 -2.049  0.1723
color 0.1 0.1 0.8
sphere 0.937 -1.128 -1.255  0.0155
color 0.6 0.4 0.6
sphere -0.097 -0.774 -4.956  0.0288
color 0.2 0.4 0.1
sphere 0.788 -1.030 -4.735  0.0942
color 0.5 0.4 0.6
sphere 1.419 -2.185 -3.184  0.1422
color 0.3 0.1 0.9
sphere -0.597 -0.038 -4.509  0.1135
color 0.9 0.2 0.1
sphere 0.288 -2.265 -1.656  0.1319
color 1.0 0.1 0.6
sphere 0.696 0.719 -3.357  0.1116
color 0.4 0.5 0.5
sphere -0.505 0.118 -1.479  0.0455
color 0.8 0.8 0.7
sphere -1.221 -2.130 -3.899  0.1091
color 0.1 0.0 0.1
sphere -0.640 -2.699 -2.378  0.0813
color 0.9 0.6 0.0
sphere 0.235 0.832 -2.431  0.0672
color 0.6 0.5 0.0
sphere -1.386 -0.557 -1.747  0.0802
color 0.2 0.9 0.0
sphere 0.105 0.445 -4.285  0.0637
color 0.4 0.6 0.0
sphere -1.753 -1.242 -3.500  0.1615
color 0.9 0.3 0.2
sphere -0.307 0.866 -2.929  0.1079
color 0.3 0.5 0.8
sphere -1.258 -2.108 -3.775  0.1535
color 0.6 0.1 1.0
sphere 1.218 -0.008 -1.895  0.0793
color 0.3 0.8 0.5
sphere 1.359 -0.572 -4.397  0.0043
color 0.0 0.5 0.6
sphere 1.612 -0.055 -2.869  0.1271
color 0.0 0.5 0.7
sphere -0.853 0.722 -2.492  0.0124
color 0.8 0.1 0.2
sphere -1.650 -0.216 -3.547  0.0935
color 0.1 0.3 0.5
sphere 1.913 -1.330 -3.355  0.0266
color 0.9 0.7 0.4
sphere -0.303 -1.571 -4.804  0.0838
color 0.7 0.4 0.5
sphere 0.316 0.837 -3.130  0.1316
color 0.5 0.8 0.8
sphere -1.726 -1.662 -2.493  0.0834
color 0.4 0.1 0.1
sphere 0.183 -1.332 -1.065  0.0287
color 0.2 0.3 0.2
sphere 1.157 -1.155 -4.475  0.1191
color 0.0 0.2 0.3
sphere -0.356 -0.540 -4.731  0.1742
color 0.2 0.1 0.8
sphere 0.204 -1.750 -4.717  0.1153
color 0.5 0.6 0.5
sphere 0.431 -2.913 -2.624  0.0036
color 0.4 0.5 0.2
sphere 1.724 -0.658 -3.624  0.1349
color 0.1 0.3 0.4
sphere 1.281 -1.833 -3.995  0.1761
color 0.2 0.6 0.8
sphere -0.403 -2.165 -1.602  0.1363
color 0.9 0.4 0.2
sphere 1.308 -0.481 -4.227  0.1330
color 0.7 0.1 0.5
sphere 1.292 -2.056 -1.982  0.0449
color 0.7 0.5 0.1
sphere -1.169 -2.205 -4.067  0.0115
color 0.2 0.9 0.3
sphere 1.876 -0.942 -2.967  0.1233
color 0.6 0.4 0.5
sphere 1.184 0.256 -3.823  0.0877
color 0.6 0.3 0.9
sphere -0.408 -2.854 -3.594  0.0107
color 0.2 0.2 0.9
sphere 0.698 0.535 -3.738  0.1592
color 0.3 1.0 1.0
sphere -1.002 -2.080 -1.737  0.0594
color 0.9 0.2 0.8
sphere -0.986 -0.368 -4.493  0.1026
color 0.8 0.8 0.0
sphere 1.394 0.006 -3.799  0.1044
color 0.6 0.7 0.2
sphere 1.268 0.232 -3.876  0.0267
color 0.6 0.9 0.8
sphere -0.821 -0.300 -1.499  0.1513
color 0.8 0.2 1.0
sphere 1.779 -0.677 -3.599  0.0951
color 0.9 0.5 0.1
sphere -0.183 0.280 -1.588  0.0854
color 0.7 0.0 0.8
sphere -1.726 -1.329 -2.318  0.1156
color 0.4 0.3 0.3
sphere 1.508 -2.138 -3.163  0.1033
color 1.0 0.1 0.2
sphere 1.451 -0.507 -1.870  0.0959
color 0.4 0.9 0.6
sphere -1.373 -1.292 -1.630  0.0387
color 0.6 0.1 0.0
sphere -0.255 -0.179 -1.353  0.1417
color 0.2 0.3 0.9
sphere -1.468 -2.275 -2.773  0.0426
color 0.9 0.4 0.8
sphere -0.644 -0.156 -1.462  0.1313
color 0.9 0.2 0.6
sphere 0.876 0.621 -2.815  0.1482
color 0.4 0.5 0.5
sphere -1.207 -2.403 -2.343  0.0364
color 0.8 0.9 0.4
sphere -0.110 -1.421 -1.172  0.1207
color 0.7 0.8 0.2
sphere 1.462 -0.912 -1.831  0.1261
color 0.2 0.3 0.0
sphere 0.677 -0.679 -4.818  0.0334
color 0.3 0.9 0.3
sphere 0.348 0.891 -2.756  0.0618
color 0.9 0.8 0.2
sphere -1.027 -2.318 -3.845  0.1278
color 0.2 1.0 0.1
sphere -1.696 -0.085 -3.088  0.0708
color 0.5 0.7 0.7
sphere -0.218 0.900 -3.117  0.0841
color 0.4 0.7 0.4
sphere -1.247 0.128 -2.298  0.1781
color 0.7 0.4 0.3
sphere -0.592 -2.769 -3.662  0.0208
color 0.2 0.1 0.1
sphere -1.631 -2.148 -2.900  0.0029
color 0.7 0.9 0.9
sphere -1.313 0.457 -2.882  0.0357
color 0.7 0.6 0.8
sphere 0.804 0.451 -2.207  0.1615
color 0.4 0.3 0.7
sphere -1.284 -0.365 -4.155  0.1599
color 0.5 0.1 0.7
sphere 0.507 -1.570 -4.800  0.0446
color 0.9 0.7 0.3
sphere 0.826 -0.756 -1.217  0.0195
color 0.3 0.6 0.1
sphere -0.296 -2.813 -2.874  0.1587
color 0.0 0.1 0.7
sphere 0.648 0.259 -4.185  0.1539
color 0.0 0.3 0.8
sphere 1.546 -0.809 -4.206  0.0301
color 0.4 0.7 1.0
sphere -1.666 -0.519 -3.705  0.1278
color 0.5 0.3 0.1
sphere 0.046 0.797 -3.521  0.1289
color 0.0 0.0 0.8
sphere -1.300 -0.129 -1.961  0.1214
color 0.9 0.8 0.1
sphere -0.118 -2.604 -2.153  0.1823
color 0.5 0.3 0.8
sphere 0.377 -0.173 -1.332  0.1009
color 0.6 0.6 0.1
sphere -0.276 -1.947 -4.664  0.0653
color 0.9 0.3 0.8
sphere 0.834 0.752 -3.310  0.0345
color 0.6 0.3 1.0
sphere -1.793 -0.520 -2.993  0.1438
color 0.1 0.4 0.2
sphere -0.561 -2.862 -3.077  0.0536
color 0.6 0.3 0.2
sphere 0.841 -2.595 -3.267  0.1768
color 0.8 0.6 0.9
sphere 0.634 -0.652 -4.774  0.0846
color 0.5 0.3 0.8
sphere 0.141 0.961 -2.640  0.0011
color 0.0 0.7 0.8
sphere 0.371 0.815 -2.795  0.1361
color 0.9 0.5 0.5
sphere -1.421 -0.231 -3.927  0.1375
color 0.2 0.5 0.1
sphere 1.030 -2.510 -2.493  0.1032
color 1.0 0.1 0.4
sphere -1.408 0.074 -3.616  0.1255
color 0.9 0.6 0.2
sphere 1.084 -2.258 -3.924  0.0996
color 0.3 0.6 0.2
sphere 1.325 -1.682 -4.187  0.0948
color 0.2 0.7 1.0
sphere -1.595 -0.217 -3.532  0.1449
color 1.0 0.1 0.1
sphere 0.807 0.717 -2.921  0.1012
color 0.2 1.0 0.3
sphere 0.403 0.121 -1.453  0.0476
color 0.8 0.8 0.3
sphere -0.489 -2.894 -2.791  0.0326
color 0.6 0.5 0.9
sphere 0.484 -0.000 -4.603  0.0495
color 0.0 0.3 0.1
sphere 0.846 0.605 -2.724  0.1654
color 0.6 0.0 0.7
sphere -1.240 -1.785 -4.146  0.1378
color 0.0 0.5 1.0
sphere 0.731 -1.180 -1.276  0.1183
color 0.0 0.4 0.5
sphere 0.549 0.346 -1.669  0.0294
color 0.9 0.5 0.0
sphere -1.708 -0.931 -2.128  0.0807
color 0.3 0.4 0.5
sphere 0.250 -1.942 -4.646  0.0866
color 0.6 0.0 0.8
sphere 1.906 -0.993 -2.719  0.0738
color 0.1 0.4 0.4
sphere -1.229 -0.216 -1.756  0.0840
color 0.5 0.8 0.8
sphere -1.035 -1.376 -1.532  0.1650
color 0.8 0.3 0.4
sphere 1.023 0.198 -4.016  0.1254
color 0.0 1.0 0.4
sphere -0.731 0.704 -3.565  0.0612
color 1.0 0.6 0.4
sphere -1.370 -1.920 -1.924  0.0301
color 0.2 1.0 0.1
sphere -0.162 0.973 -3.236  0.0065
color 0.3 0.8 0.7
sphere -1.228 -0.588 -4.360  0.1218
color 0.9 0.9 1.0
sphere 1.802 -0.538 -3.116  0.1361
color 0.4 0.4 0.4
sphere -1.368 -1.203 -4.279  0.1162
color 0.1 0.5 0.8
sphere -1.603 -1.775 -3.842  0.0308
color 0.7 0.4 0.8
sphere -1.559 -0.185 -2.320  0.1138
color 0.9 0.9 0.7
sphere 1.767 -1.837 -2.862  0.0398
color 0.5 0.2 0.1
sphere 0.970 -0.961 -1.341  0.0779
color 0.2 0.2 0.6
sphere 1.509 -1.413 -1.791  0.0229
color 0.4 0.7 0.1
sphere 0.468 -0.089 -1.416  0.1136
color 0.0 0.3 0.8
sphere 0.215 -0.681 -4.932  0.0300
color 0.0 0.1 0.2
sphere 0.047 0.416 -1.738  0.1026
color 0.8 0.2 0.7
sphere -0.749 -1.366 -4.727  0.0824
color 0.1 0.2 0.1
sphere 1.088 -1.313 -4.478  0.1387
color 0.7 0.3 0.8
sphere 0.023 -1.247 -4.847  0.1361
color 0.3 0.7 0.4
sphere 1.138 -2.420 -3.610  0.0807
color 0.1 0.3 0.8
sphere -0.884 -1.599 -1.530  0.1831
color 0.9 0.4 0.1
sphere -1.352 -1.872 -3.910  0.1519
color 0.6 0.0 0.1
sphere -1.438 -1.876 -3.703  0.1753
color 1.0 0.3 0.3
sphere -0.562 -2.147 -4.506  0.0255
color 0.4 0.5 0.3
sphere 0.778 0.289 -4.209  0.0690
color 0.4 0.1 0.9
sphere -1.013 -0.462 -1.561  0.1597
color 0.1 0.1 0.0
sphere -1.478 -0.744 -1.873  0.1237
color 0.5 0.2 0.6
sphere -0.054 0.457 -4.276  0.0623
color 0.6 0.5 1.0
sphere -1.315 -2.042 -3.735  0.1687
color 0.5 0.1 0.5
sphere 0.804 -2.217 -4.105  0.1703
color 0.7 0.1 0.6
sphere 1.442 -0.144 -1.967  0.0303
color 0.3 0.6 0.6
sphere 0.352 0.501 -1.795  0.0432
color 0.7 0.2 0.9
sphere 1.362 -0.269 -4.206  0.0392
color 0.9 0.3 0.6
sphere -0.534 -1.241 -4.814  0.0942
color 0.6 0.7 1.0
sphere -0.710 -1.205 -4.657  0.1856
color 0.2 0.3 0.2
sphere -0.124 -2.619 -2.112  0.1492
color 0.9 0.9 0.4
sphere 0.390 0.814 -2.451  0.0649
color 0.0 0.6 0.8
sphere -0.783 -2.604 -3.795  0.0457
color 0.4 0.4 0.1
sphere -0.697 0.280 -1.662  0.0214
color 0.6 0.8 0.5
sphere -1.095 0.124 -4.050  0.1116
color 0.0 0.0 0.2
sphere -1.009 -2.384 -3.871  0.0780
color 1.0 0.3 0.8
sphere -0.950 -0.436 -4.439  0.1854
color 0.7 0.7 0.1
sphere -0.229 0.209 -4.575  0.0016
color 0.8 0.9 0.4
sphere -0.067 0.230 -1.672  0.1887
color 0.2 0.6 0.5
sphere 1.030 -2.546 -2.963  0.1417
color 0.6 0.8 0.9
sphere -1.207 -0.908 -1.607  0.1541
color 0.0 0.4 0.4
sphere -1.880 -1.186 -3.064  0.1097
color 0.3 0.4 0.6
sphere 1.336 0.240 -3.195  0.1674
color 0.4 0.8 0.8
sphere 1.057 -1.875 -4.199  0.1774
color 0.1 0.8 0.3
sphere 0.848 -1.554 -1.285  0.0082
color 0.4 0.5 0.8
sphere 0.223 -2.304 -4.431  0.0509
color 0.2 0.5 0.6
sphere 0.978 -1.492 -1.490  0.1351
color 0.3 0.8 1.0
sphere -1.612 -1.895 -2.547  0.1016
color 0.3 1.0 0.2
sphere 1.042 0.163 -1.809  0.0355
color 0.2 0.5 0.0
sphere 0.955 0.631 -2.965  0.1099
color 0.6 0.9 0.6
sphere 1.206 0.559 -2.735  0.0116
color 0.8 0.9 0.0
sphere -0.175 -2.504 -1.910  0.1342
color 0.8 0.1 0.4
sphere -0.928 0.196 -1.890  0.1228
color 0.1 0.4 0.4
sphere 0.498 -2.019 -4.552  0.0776
color 0.8 0.8 0.0
sphere 1.742 -0.569 -2.619  0.1654
color 0.4 1.0 0.9
sphere 1.309 0.356 -3.655  0.0045
color 0.2 0.4 0.0
sphere 0.947 -1.597 -1.388  0.0375
color 0.8 0.2 0.6
sphere 0.053 0.393 -1.628  0.0441
color 0.7 0.4 0.8
sphere 0.670 -2.698 -2.973  0.1747
color 0.1 0.4 0.3
sphere 0.940 -1.831 -1.561  0.0908
color 0.5 1.0 0.5
sphere -0.174 -2.016 -4.527  0.1580
color 0.2 0.6 0.6
sphere -0.264 0.663 -2.096  0.0892
color 0.2 0.2 0.6
sphere -0.949 0.623 -2.967  0.1197
color 0.2 0.6 0.5
sphere -1.313 -0.252 -1.918  0.1409
color 0.6 0.9 0.7
sphere 1.397 0.185 -3.268  0.1484
color 0.7 0.1 1.0
sphere 0.906 -2.383 -3.911  0.1123
color 0.9 0.1 0.6
sphere -1.530 0.173 -2.609  0.0332
color 0.9 1.0 0.7
sphere 1.294 -1.569 -4.369  0.0324
color 0.1 0.7 0.7
sphere -1.801 -0.511 -3.131  0.1293
color 0.8 0.0 0.7
sphere 0.027 -2.721 -2.216  0.1087
color 0.9 0.6 0.8
sphere 1.183 -0.801 -4.539  0.0483
color 0.2 0.8 0.9
sphere 0.422 -0.757 -1.178  0.1143
color 0.9 0.1 0.3
sphere 0.112 0.348 -1.533  0.0047
color 0.3 0.9 0.5
sphere 1.605 -1.013 -4.137  0.0327
color 0.4 0.9 0.1
sphere 0.797 -1.456 -1.349  0.1106
color 1.0 0.1 0.1
sphere -0.885 -2.446 -2.179  0.1162
color 0.3 0.8 0.2
sphere 0.684 -2.168 -1.703  0.1253
color 0.7 0.5 0.7
sphere -0.097 -0.308 -4.868  0.0061
color 0.7 0.8 0.0
sphere -1.678 -0.108 -2.605  0.0592
color 0.7 1.0 0.4
sphere 1.745 -0.409 -2.998  0.1577
color 0.1 0.1 0.9
sphere 1.746 -1.361 -3.539  0.1376
color 0.0 0.2 0.8
sphere -1.327 -0.161 -4.064  0.1029
color 0.7 0.0 0.1
sphere 0.023 -2.825 -3.425  0.1264
color 0.8 0.7 0.8
sphere 0.535 -2.563 -1.940  0.0370
color 0.2 0.6 0.3
sphere -1.318 -1.159 -4.473  0.0176
color 0.7 0.0 0.7
sphere 0.967 -1.296 -1.293  0.0161
color 0.2 0.0 0.5
sphere 1.007 -0.147 -4.263  0.1733
color 0.8 0.6 1.0
sphere 0.346 -2.579 -3.954  0.1233
color 0.1 0.3 0.3
sphere 1.081 0.437 -3.461  0.1431
color 0.1 1.0 0.7
sphere 0.694 0.627 -2.425  0.1397
color 0.4 0.4 0.3
sphere -1.524 -0.045 -2.720  0.1798
color 0.5 0.8 0.4
sphere 0.025 0.582 -2.090  0.1747
color 0.0 0.8 0.0
sphere -0.893 -2.682 -3.137  0.0905
color 0.7 0.3 0.5
sphere 0.152 -2.002 -4.636  0.0752
color 0.3 0.4 0.1
sphere -0.319 -2.252 -1.672  0.1472
color 0.8 0.7 1.0
sphere -1.833 -0.401 -3.514  0.0042
color 0.1 0.7 0.2
sphere 1.197 -1.405 -4.305  0.1832
color 0.9 0.7 0.5
sphere 1.896 -0.771 -2.479  0.0203
color 0.0 0.5 0.1
sphere -0.899 0.595 -3.286  0.1470
color 0.3 0.5 0.3
sphere -1.265 -0.545 -1.572  0.0388
color 0.5 0.9 0.3
sphere 1.521 -1.519 -3.931  0.1424
color 0.5 0.0 0.9
sphere 1.131 -1.106 -4.482  0.1325
color 0.7 0.0 0.8
sphere 1.605 -0.130 -3.237  0.1587
color 0.8 0.6 0.8
sphere 0.402 0.187 -4.430  0.0982
color 0.1 1.0 0.7
sphere -1.678 -1.789 -2.683  0.1184
color 0.4 0.4 0.7
sphere 1.455 -2.117 -3.099  0.1632
color 0.5 0.1 0.3
sphere -0.800 -2.222 -1.912  0.1793
color 0.6 0.8 0.2
sphere 0.958 0.190 -1.766  0.0361
color 0.9 0.7 0.2
sphere 0.074 -0.589 -1.047  0.0029
color 0.7 0.9 0.8
sphere 1.536 -1.911 -3.548  0.1320
color 0.4 0.6 0.8
sphere 1.220 -2.516 -3.273  0.0355
color 0.1 1.0 0.0
sphere -0.851 -0.638 -4.734  0.0351
color 0.7 0.8 0.1
sphere 1.609 -1.990 -3.475  0.0517
color 0.5 0.5 0.2
sphere -0.423 -2.423 -1.810  0.0975
color 0.1 0.3 0.0
sphere 0.039 0.510 -1.887  0.1234
color 0.1 0.5 0.7
sphere -0.395 -0.867 -4.901  0.0539
color 0.3 0.1 1.0
sphere 1.227 -0.521 -1.662  0.1227
color 1.0 0.4 0.2
sphere -1.457 -2.116 -2.454  0.0851
color 0.5 0.9 0.3
sphere -1.645 -1.513 -2.080  0.0466
color 0.6 0.1 0.5
sphere 1.643 -0.398 -3.913  0.0269
color 0.2 0.1 0.0
sphere 0.876 -2.754 -3.272  0.0202
color 0.5 0.7 0.7
sphere -0.789 -1.671 -1.295  0.0055
color 0.3 0.7 0.7
sphere -0.191 -2.453 -1.848  0.1360
color 0.0 0.1 0.5
sphere 1.691 -0.427 -2.172  0.0317
color 1.0 0.4 0.4
sphere -1.705 -1.623 -3.501  0.1172
color 0.3 0.4 0.1
sphere -0.234 0.568 -4.006  0.1227
color 0.0 0.3 0.3
sphere 0.051 -1.540 -4.817  0.1041
color 0.5 0.5 0.1
sphere 0.399 0.160 -4.411  0.1304
color 0.9 0.8 0.9
sphere 0.088 0.757 -3.898  0.0250
color 0.8 0.3 0.8
sphere -0.352 0.391 -4.226  0.1125
color 0.3 0.7 0.9
sphere 0.160 -2.732 -3.596  0.1619
color 0.2 0.5 0.5
sphere 0.778 -2.616 -2.567  0.1547
color 0.2 0.5 0.6
sphere 1.643 -1.165 -2.161  0.1479
color 0.8 0.4 0.2
sphere 1.087 0.403 -2.442  0.1394
color 0.4 0.8 0.4
sphere -0.224 -2.811 -2.766  0.1599
color 0.6 0.3 0.4
sphere -1.030 -1.494 -4.593  0.0394
color 0.1 0.6 0.7
sphere -0.199 -2.598 -1.819  0.0032
color 0.3 0.7 0.9
sphere 0.970 0.715 -3.047  0.0287
color 0.1 0.3 0.9
sphere -1.565 -2.100 -2.795  0.0759
color 0.7 0.6 0.7
sphere 1.640 -1.732 -2.403  0.1073
color 0.1 0.3 0.3
sphere -0.228 -2.717 -2.418  0.1724
color 0.3 0.9 0.7
sphere -1.712 -1.439 -2.339  0.1133
color 0.3 0.9 0.6
sphere 0.245 -2.446 -4.312  0.0325
color 0.5 0.7 0.8
sphere 0.781 0.671 -3.353  0.1217
color 0.2 0.0 0.4
sphere 0.804 -2.395 -1.914  0.0577
color 0.4 0.0 0.1
sphere 0.559 -2.387 -4.104  0.1414
color 0.9 0.3 0.5
sphere 1.345 -2.125 -2.189  0.0682
color 0.1 0.5 0.1
sphere -0.708 -1.457 -4.790  0.0218
color 0.6 0.2 0.5
sphere 0.827 -2.490 -2.227  0.1290
color 0.5 0.5 0.8
sphere 1.387 -1.563 -1.723  0.0319
color 0.8 0.9 0.7
sphere -1.723 -0.463 -3.312  0.1680
color 0.5 0.5 0.2
sphere -0.252 -0.863 -1.024  0.0035
color 0.5 0.6 0.5
sphere -1.195 -2.365 -2.703  0.1619
color 0.2 0.4 0.3
sphere -1.096 -2.256 -3.994  0.0593
color 0.4 0.3 0.7
sphere -0.217 -0.520 -4.856  0.0706
color 0.3 0.4 0.2
sphere -1.328 -1.717 -4.225  0.0564
color 0.4 0.1 0.4
sphere -0.397 -2.887 -2.946  0.0709
color 0.1 0.8 0.0
sphere -0.656 -2.490 -2.035  0.1081
color 0.9 0.3 0.8
sphere 1.615 -2.019 -2.894  0.0874
color 0.4 0.9 0.3
sphere -0.590 -2.367 -4.305  0.0197
color 0.3 0.2 0.8
sphere -0.403 0.482 -1.930  0.1280
color 0.1 0.7 0.8
sphere -0.160 -1.577 -1.184  0.0880
color 0.8 0.1 0.6
sphere 1.656 -1.596 -3.919  0.0146
color 0.4 0.7 0.1
sphere 1.181 -0.337 -4.345  0.0910
color 0.3 0.2 0.9
sphere -1.009 -1.865 -4.472  0.0168
color 0.9 1.0 0.7
sphere 0.063 0.808 -2.510  0.1256
color 0.4 0.1 0.6
sphere -0.873 -0.336 -1.559  0.1888
color 0.8 0.0 0.8
sphere -1.264 -2.171 -2.253  0.1217
color 0.4 0.9 0.4
sphere 1.615 -1.830 -2.774  0.1701
color 0.5 0.4 0.1
sphere -1.728 -1.733 -2.638  0.0887
color 0.1 0.5 0.4
sphere -0.790 -2.336 -1.966  0.1350
color 0.8 0.2 0.2
sphere 0.140 0.597 -2.085  0.1536
color 0.7 0.3 0.2
sphere -0.297 -1.804 -4.798  0.0087
color 0.8 0.6 0.9
sphere 0.366 -2.602 -4.040  0.0550
color 0.5 0.9 0.2
sphere 0.108 0.908 -3.076  0.0874
color 0.4 0.3 0.1
sphere -1.453 -1.785 -2.052  0.0962
color 0.8 0.5 0.1
sphere 1.849 -0.840 -3.685  0.0220
color 0.4 0.3 0.9
sphere -0.316 -2.879 -2.939  0.0938
color 0.2 0.3 0.1
sphere -1.526 -2.064 -3.459  0.0837
color 0.7 0.1 0.4
sphere -1.583 -1.155 -4.198  0.0091
color 0.6 1.0 0.5
sphere -0.424 -2.521 -1.907  0.0799
color 0.7 0.9 0.8
sphere 0.641 -0.603 -4.740  0.1041
color 0.2 0.7 0.7
sphere 0.290 -2.731 -3.717  0.1038
color 0.2 0.1 0.1
sphere 0.170 -2.590 -2.016  0.1225
color 0.2 0.8 0.3
sphere 1.097 0.075 -1.868  0.0920
color 0.3 0.5 0.2
sphere -0.968 -0.670 -4.579  0.1185
color 0.1 0.3 0.2
sphere -0.784 -2.629 -3.144  0.1866
color 0.3 0.2 0.6
sphere 1.783 -1.328 -2.453  0.1066
color 0.8 0.4 0.3
sphere 0.310 -2.605 -2.053  0.1105
color 0.2 0.2 0.3
sphere 0.408 0.826 -3.330  0.0999
color 1.0 0.3 0.5
sphere 1.211 -1.794 -1.777  0.1043
color 0.9 0.7 0.8
sphere -0.332 0.351 -1.567  0.0027
color 0.9 0.4 0.7
sphere -0.683 -2.706 -3.386  0.1227
color 0.6 0.2 0.0
sphere 1.415 -0.940 -4.142  0.1814
color 0.6 0.8 0.3
sphere 0.962 -0.263 -1.534  0.0983
color 0.2 0.8 0.8
sphere -0.316 -2.768 -2.303  0.0739
color 0.3 0.4 0.1
sphere -0.183 -2.234 -4.370  0.1473
color 0.9 0.7 0.4
sphere -0.839 -0.027 -1.561  0.0712
color 1.0 0.2 0.6
sphere -1.657 -0.659 -2.014  0.0421
color 0.7 0.1 0.7
sphere -1.195 -0.598 -1.597  0.1137
color 0.9 0.0 0.3
sphere -1.851 -0.779 -3.248  0.1198
color 0.6 0.6 0.9
sphere 0.821 -2.730 -3.404  0.0429
color 0.8 0.3 0.6
sphere 0.017 0.473 -4.096  0.1640
color 0.3 0.8 0.1
sphere -1.065 -0.104 -4.304  0.0936
color 0.9 0.2 0.0
sphere -1.414 -0.548 -4.039  0.1886
color 0.8 0.9 0.2
sphere -1.086 -1.921 -1.667  0.0499
color 0.4 0.7 0.5
sphere -1.852 -1.438 -3.291  0.0747
color 0.4 0.9 0.1
sphere -0.052 -0.405 -1.201  0.1047
color 0.5 0.7 0.9
sphere 0.439 -2.666 -3.868  0.0705
color 0.9 0.8 0.8
sphere -1.139 -2.029 -3.990  0.1735
color 0.5 0.1 0.8
sphere 1.546 -0.918 -1.951  0.1293
color 0.7 0.8 0.2
sphere 1.090 -1.271 -1.470  0.1022
color 0.6 0.8 0.4
sphere -1.521 -1.863 -2.134  0.0483
color 0.8 0.1 0.1
sphere -1.723 -1.486 -2.241  0.0558
color 0.6 0.5 0.8
sphere -1.768 -0.914 -3.914  0.0075
color 0.3 0.5 0.7
sphere 1.430 -2.191 -2.902  0.1362
color 0.6 0.8 0.0
sphere 1.384 0.190 -3.125  0.1706
color 0.9 0.5 0.9
sphere -1.957 -0.895 -2.795  0.0295
color 0.4 0.5 0.7
sphere -0.474 0.535 -1.997  0.1061
color 0.7 0.3 0.4
sphere -0.953 0.111 -4.210  0.1013
color 0.3 1.0 0.2
sphere -0.165 -1.743 -4.787  0.0576
color 0.2 0.3 0.9
sphere 1.599 -0.884 -2.046  0.1342
color 0.0 0.1 0.7
sphere -1.650 -1.517 -3.783  0.1019
color 0.2 0.1 0.6
sphere -0.000 -2.771 -2.487  0.1564
color 0.7 0.4 0.4
sphere -1.546 -1.376 -1.816  0.0165
color 0.2 0.4 0.4
sphere 0.601 -0.938 -1.257  0.1556
color 0.5 0.2 0.8
sphere -1.353 -1.328 -4.245  0.1327
color 0.5 0.4 0.3
sphere -0.240 -1.479 -1.081  0.0071
color 0.7 0.2 0.2
sphere -0.967 0.319 -1.940  0.0516
color 0.7 0.7 0.3
sphere 1.236 0.376 -2.575  0.1015
color 0.4 0.0 0.3
sphere 0.140 -1.424 -1.113  0.0609
color 0.0 0.4 0.6
sphere 1.048 -0.338 -4.562  0.0060
color 0.5 0.6 0.4
sphere -1.412 -1.939 -2.325  0.1743
color 0.1 0.3 0.3
sphere 0.939 -2.058 -1.609  0.0164
color 0.3 0.4 0.5
sphere -1.829 -0.788 -3.451  0.1041
color 1.0 0.3 0.8
sphere 0.849 -2.558 -2.509  0.1590
color 0.1 0.7 0.6
sphere -1.753 -0.601 -3.312  0.1757
color 0.8 0.9 1.0
sphere 0.204 -1.135 -1.166  0.1500
color 0.1 0.9 0.2
sphere -1.596 -0.194 -3.599  0.1140
color 0.6 0.5 1.0
sphere -1.740 -0.286 -2.446  0.0394
color 0.8 0.6 0.1
sphere 1.540 -0.049 -2.819  0.1806
color 0.0 0.2 0.6
sphere -0.076 -1.259 -1.057  0.0388
color 0.7 0.2 0.2
sphere -0.782 0.434 -4.046  0.0607
color 0.3 0.2 0.3
sphere 0.166 -2.852 -2.541  0.0850
color 0.4 0.2 0.9
sphere 1.622 -0.179 -2.284  0.0460
color 0.2 0.6 0.9
sphere -1.890 -1.258 -3.171  0.0845
color 0.4 0.8 0.9
sphere -0.958 -2.595 -3.208  0.1279
color 0.7 0.5 0.7
sphere 0.733 -2.160 -4.219  0.1644
color 0.6 0.5 0.9
sphere -0.937 -1.327 -1.394  0.1122
color 0.1 0.8 1.0
sphere 1.035 -2.041 -4.107  0.1618
color 0.1 0.5 0.6
sphere -0.358 -1.170 -1.200  0.1573
color 0.3 0.4 0.2
sphere 1.340 -1.658 -1.949  0.1746
color 0.8 0.2 0.1
sphere 0.447 0.446 -4.258  0.0324
color 0.2 0.3 0.1
sphere -1.027 -2.344 -3.932  0.0686
color 0.4 0.8 0.7
sphere 1.444 -0.189 -2.260  0.1860
color 0.7 0.2 0.3
sphere 1.470 -2.159 -3.395  0.0864
color 0.2 0.9 0.6
sphere -0.048 -0.519 -1.154  0.0919
color 0.8 0.6 0.3
sphere 1.070 -0.437 -1.517  0.0865
color 0.7 0.0 0.2
sphere -0.214 -2.264 -1.527  0.0474
color 0.8 0.3 0.4
sphere 1.424 -2.143 -3.456  0.1182
color 0.7 0.5 0.2
sphere 0.768 -1.883 -4.460  0.1291
color 0.7 0.2 0.8
sphere 1.445 -0.248 -3.816  0.1782
color 0.3 0.3 0.4
sphere 1.630 -0.241 -3.340  0.1699
color 0.7 0.1 0.9
sphere -1.253 -0.370 -1.823  0.1694
color 0.3 0.9 0.7
sphere -1.456 -1.469 -4.199  0.0564
color 0.8 0.3 0.5
sphere 0.556 -2.226 -1.707  0.1330
color 0.0 0.9 0.2
sphere -1.838 -0.662 -3.483  0.0700
color 0.8 0.9 0.8
sphere -1.435 -0.549 -4.049  0.1664
color 0.1 0.8 0.7
sphere -0.663 -0.833 -4.722  0.1466
color 1.0 0.1 0.8
sphere -1.196 -1.653 -1.703  0.1187
color 1.0 0.6 0.6
sphere -0.965 0.699 -2.975  0.0455
color 0.1 0.7 0.2
sphere -1.173 -1.875 -4.323  0.0275
color 0.2 0.9 0.1
sphere 0.596 0.364 -4.201  0.0872
color 0.6 0.5 0.7
sphere -0.192 -0.118 -4.657  0.1126
color 0.9 0.9 1.0
sphere -0.417 0.256 -4.454  0.0339
color 0.3 1.0 0.8
sphere 0.627 -2.261 -4.265  0.1072
color 0.3 0.3 0.5
sphere 0.405 0.137 -4.457  0.1078
color 1.0 0.2 0.4
sphere -0.949 0.492 -3.794  0.0614
color 0.9 0.1 0.4
sphere -1.566 -1.730 -2.051  0.0284
color 0.4 1.0 0.8
sphere 1.624 -0.484 -4.001  0.0241
color 0.4 0.9 0.7
sphere 0.783 0.584 -2.281  0.0925
color 0.1 0.8 0.8
sphere 1.208 0.328 -3.357  0.1696
color 0.9 0.9 0.5
sphere 1.092 -0.439 -4.354  0.1724
color 0.8 0.6 0.5
sphere 0.830 -0.908 -4.704  0.1021
color 0.3 0.2 0.5
sphere 1.208 -1.995 -4.075  0.1013
color 0.5 0.7 0.5
sphere 1.904 -1.452 -2.739  0.0261
color 0.8 0.7 0.3
sphere -1.118 -0.865 -4.549  0.0847
color 0.8 0.7 0.9
sphere 1.385 -2.159 -2.205  0.0264
color 0.3 1.0 0.4
sphere 0.486 -2.706 -3.555  0.1409
color 0.1 0.6 0.5
sphere 0.491 -2.853 -3.023  0.0827
color 0.6 0.3 0.3
sphere 1.553 0.210 -3.081  0.0297
color 0.3 0.9 1.0
sphere -1.914 -1.109 -2.694  0.0583
color 1.0 0.6 0.1
sphere -1.224 -0.508 -4.345  0.1162
color 0.8 0.6 0.2
sphere 0.904 -1.921 -1.474  0.0019
color 0.3 0.5 0.1
sphere -0.685 -2.672 -2.297  0.0612
color 0.3 0.7 0.3
sphere 1.003 -1.611 -1.581  0.1580
color 0.6 0.8 1.0
sphere 0.665 0.590 -3.958  0.0289
color 0.9 0.7 0.3
sphere -0.880 0.563 -2.390  0.1052
color 0.1 0.6 0.9
sphere -0.761 -2.031 -4.529  0.0048
color 0.9 0.7 0.3
sphere -1.035 -2.477 -2.558  0.1433
color 0.8 0.9 0.9
sphere -0.133 -2.419 -1.874  0.1836
color 0.5 0.3 0.2
sphere 0.886 -2.288 -3.956  0.1676
color 0.7 0.9 0.8
sphere -0.951 -2.435 -2.138  0.0746
color 0.4 0.4 0.3
sphere -0.128 -2.669 -1.997  0.0488
color 0.3 0.8 0.3
sphere 0.889 -0.237 -1.509  0.1035
color 0.1 0.6 0.7
sphere -0.345 -2.419 -4.360  0.0043
color 0.9 0.2 0.1
sphere 0.548 0.788 -3.700  0.0034
color 0.9 1.0 0.8
sphere -1.609 0.085 -3.391  0.0198
color 0.9 0.6 0.9
sphere -1.162 -1.868 -4.278  0.0668
color 1.0 0.6 0.0
sphere -0.099 -2.836 -2.823  0.1531
color 0.2 0.8 0.1
sphere 1.466 0.186 -2.547  0.0603
color 0.8 0.3 0.3
sphere -0.842 -2.727 -2.941  0.0775
color 0.9 0.1 0.7
sphere -1.451 -1.673 -3.939  0.1457
color 0.2 0.2 0.3
sphere 1.736 -1.742 -2.426  0.0268
color 0.9 0.9 0.5
sphere -0.568 -1.209 -4.893  0.0121
color 0.6 1.0 0.0
sphere -1.139 -1.365 -1.469  0.0575
color 0.5 0.5 0.0
sphere 0.544 -0.963 -1.108  0.0308
color 0.3 1.0 0.8
sphere 1.674 -0.332 -3.769  0.0402
color 0.2 0.0 0.9
sphere 1.841 -1.632 -3.321  0.0273
color 0.2 0.8 0.6
sphere -0.297 -2.641 -2.120  0.1139
color 0.2 0.1 0.1
sphere 1.771 -1.397 -2.192  0.0133
color 0.4 0.9 0.0
sphere 0.051 -2.568 -3.992  0.1438
color 0.3 0.8 1.0
sphere -0.914 -2.101 -4.230  0.1127
color 0.7 0.0 0.5
sphere -0.905 -2.552 -3.397  0.1600
color 0.3 0.7 0.8
sphere 0.629 -2.196 -4.234  0.1700
color 0.6 0.5 0.6
sphere -0.073 -0.698 -1.162  0.1363
color 0.7 0.6 0.1
sphere -0.670 -0.371 -4.624  0.1343
color 1.0 0.5 1.0
sphere 0.946 -1.826 -1.657  0.1611
color 0.7 0.4 0.3
sphere -1.112 -2.558 -3.415  0.0417
color 0.5 0.5 0.9
sphere -0.084 -1.513 -4.894  0.0355
color 0.7 0.2 0.6
sphere -1.648 -1.116 -2.222  0.1741
color 0.0 0.3 0.2
sphere -1.518 0.041 -3.715  0.0255
color 0.8 0.7 0.7
sphere -1.847 -0.582 -3.394  0.0661
color 0.4 0.1 0.5
sphere -0.547 -0.615 -1.171  0.0526
color 0.4 0.7 0.6
sphere -0.880 -2.302 -3.983  0.1462
color 0.6 0.3 0.5
sphere 0.402 -1.251 -1.065  0.0078
color 0.2 0.1 0.5
sphere 0.698 0.535 -3.769  0.1471
color 0.2 0.0 0.0
sphere 0.308 -1.527 -4.734  0.1617
color 0.9 0.6 0.2
sphere 1.091 -2.120 -1.886  0.0800
color 0.5 0.9 0.5
sphere 0.948 0.687 -2.709  0.0433
color 0.6 0.1 0.1
sphere -1.517 -1.954 -3.577  0.1179
color 0.8 0.3 0.4
sphere 0.057 0.824 -2.943  0.1743
color 0.1 0.3 0.5
sphere -0.275 0.580 -4.154  0.0241
color 0.3 0.8 0.8
sphere 1.067 -1.943 -4.232  0.1166
color 0.2 0.9 0.0
sphere -0.500 -0.291 -1.298  0.0901
color 0.5 0.2 0.4
sphere -0.014 0.455 -4.127  0.1591
color 0.0 0.1 0.8
sphere 1.704 -0.705 -2.205  0.0968
color 0.2 0.5 0.1
sphere -0.629 -2.383 -4.064  0.1454
color 0.3 0.9 0.8
sphere 0.879 0.664 -3.447  0.0654
color 0.2 0.7 0.1
sphere 1.776 -0.507 -3.739  0.0139
color 0.4 0.5 0.6
sphere -1.078 -2.322 -2.388  0.1872
color 0.4 0.7 0.5
sphere -0.452 0.606 -2.241  0.1666
color 0.9 0.6 0.9
sphere -1.963 -1.000 -3.038  0.0369
color 0.6 0.8 0.4
sphere -1.893 -1.435 -2.700  0.0348
color 0.8 0.7 0.1
sphere 1.555 -0.976 -4.242  0.0102
color 1.0 0.9 0.8
sphere -1.565 -2.074 -3.095  0.0999
color 0.8 0.1 0.6
sphere -1.755 -1.734 -3.505  0.0316
color 0.0 0.1 0.6
sphere -0.469 -0.651 -4.749  0.1555
color 0.6 0.3 0.9
sphere 1.340 -2.242 -2.608  0.1311
color 0.5 0.3 0.4
sphere 0.188 -2.555 -4.124  0.0723
color 0.4 0.4 0.9
sphere -1.664 -0.123 -2.347  0.0089
color 0.6 0.2 0.0
sphere 1.231 -0.349 -4.329  0.0755
color 1.0 0.2 0.2
sphere 1.422 -0.232 -4.009  0.0947
color 0.7 0.8 1.0
sphere 0.375 0.852 -2.954  0.1103
color 0.1 0.1 0.1
sphere 1.871 -1.128 -2.755  0.1089
color 0.1 0.4 0.4
sphere -1.740 -1.499 -3.216  0.1769
color 0.9 0.3 0.7
sphere -1.283 0.324 -2.651  0.1237
color 0.3 0.5 0.4
sphere -0.276 -0.596 -4.920  0.0184
color 0.7 0.5 0.2
sphere 1.499 -2.283 -3.015  0.0270
color 0.7 0.6 0.7
sphere -0.408 -2.770 -2.706  0.1598
color 0.3 0.1 0.9
sphere -0.742 0.674 -3.702  0.0389
color 0.2 0.7 0.9
sphere 1.855 -1.046 -3.468  0.0865
color 0.3 0.0 0.0
sphere 0.792 -1.192 -4.728  0.0892
color 0.6 0.8 0.4
sphere 1.653 -0.160 -2.869  0.1414
color 0.7 0.5 0.2
sphere 1.541 -0.246 -2.154  0.0876
color 0.9 0.1 0.6
sphere -0.398 -2.659 -3.718  0.1494
color 0.4 0.2 0.8
sphere 0.919 -0.340 -4.498  0.1229
color 0.9 0.2 0.7
sphere -0.703 -0.796 -1.173  0.0321
color 0.5 0.5 0.5
sphere -1.473 0.186 -2.788  0.0965
color 0.4 0.0 0.9
sphere -1.396 -1.983 -3.974  0.0344
color 0.1 0.8 0.8
sphere 0.669 -0.368 -4.567  0.1831
color 0.6 1.0 0.5
sphere 0.398 0.682 -2.445  0.1847
color 0.6 0.1 0.4
sphere -0.404 0.743 -2.159  0.0230
color 0.8 0.4 0.0
sphere 0.439 -1.984 -4.515  0.1414
color 0.4 0.4 0.2
sphere -0.521 -0.405 -4.729  0.0989
color 0.3 0.6 0.9
sphere -1.524 0.042 -2.928  0.1522
color 0.7 0.1 0.6
sphere 0.184 0.775 -3.463  0.1570
color 0.4 0.7 1.0
sphere 0.745 0.428 -4.087  0.0565
color 0.2 0.0 0.8
sphere 0.807 0.433 -2.045  0.0982
color 0.6 0.9 0.9
sphere -1.446 -1.491 -4.055  0.1443
color 0.2 0.9 0.7
sphere 1.732 -1.845 -3.448  0.0213
color 0.3 0.8 0.8
sphere 0.676 0.420 -2.058  0.1666
color 0.6 0.9 0.2
sphere 0.176 -0.906 -4.822  0.1669
color 0.9 0.8 1.0
sphere 0.891 0.274 -4.248  0.0067
color 0.8 0.0 0.4
sphere -1.378 -1.535 -4.267  0.0537
color 0.0 0.1 0.8
sphere 1.196 -0.949 -1.420  0.0178
color 0.8 0.9 0.9
sphere -1.691 -1.284 -2.200  0.1078
color 0.9 0.6 0.3
sphere 0.004 -0.412 -4.905  0.0067
color 0.9 0.6 0.0
sphere -0.282 -0.753 -4.935  0.0290
color 0.1 0.2 0.8
sphere -1.318 -1.717 -4.102  0.1381
color 0.9 0.9 0.6
sphere -0.566 -1.075 -1.261  0.1699
color 0.6 0.9 0.6
sphere -0.377 -1.934 -4.635  0.0797
color 0.1 1.0 0.5
sphere -0.105 -0.650 -4.833  0.1308
color 0.9 1.0 0.0
sphere 0.521 0.725 -2.742  0.1794
color 0.3 0.4 0.7
sphere 1.548 -0.254 -3.748  0.1260
color 0.3 1.0 0.9
sphere -0.629 -2.413 -3.958  0.1810
color 0.8 0.5 0.1
sphere -1.600 -1.489 -2.126  0.1122
color 0.1 0.5 0.9
sphere -0.605 -1.494 -1.175  0.0145
color 0.3 0.7 0.9
sphere -0.308 -2.775 -2.390  0.0978
color 0.9 0.3 0.3
sphere 0.509 -1.157 -4.884  0.0418
color 0.6 0.9 0.6
sphere -0.330 0.157 -4.380  0.1696
color 1.0 0.0 0.3
sphere 0.714 -2.439 -1.916  0.0620
color 0.6 0.9 0.2
sphere -1.746 -1.505 -3.372  0.1449
color 0.8 0.1 0.7
sphere 0.090 -1.662 -4.867  0.0173
color 0.8 0.9 0.4
sphere -0.181 0.337 -4.228  0.1753
color 1.0 0.3 0.3
sphere 0.828 -2.384 -2.168  0.1852
color 0.4 0.0 0.1
sphere 1.009 0.551 -2.649  0.1168
color 0.3 0.2 0.2
sphere -0.751 -1.109 -4.795  0.0511
color 0.7 0.3 0.1
sphere -1.166 -2.383 -2.850  0.1852
color 0.2 0.3 0.6
sphere 1.602 -1.025 -2.088  0.1565
color 0.4 0.7 0.2
sphere 0.083 -0.537 -1.187  0.1272
color 0.0 0.3 0.8
sphere -1.107 -1.478 -4.520  0.0597
color 0.0 0.7 0.6
sphere 1.993 -1.111 -3.005  0.0038
color 0.6 0.8 0.7
sphere -0.534 -0.845 -4.901  0.0191
color 0.1 0.3 0.3
sphere -0.250 0.536 -4.036  0.1303
color 0.9 0.2 0.9
sphere 0.945 0.019 -4.253  0.1291
color 0.2 0.3 0.9
sphere -0.065 0.368 -4.434  0.0175
color 0.2 0.6 0.5
sphere 1.605 -0.642 -4.068  0.0395
color 0.0 0.2 0.2
sphere 1.340 0.316 -2.443  0.0412
color 0.1 0.6 0.6
sphere 0.630 0.215 -1.617  0.0539
color 0.9 0.4 0.4
sphere 0.277 -1.488 -1.122  0.0398
color 0.4 0.9 0.8
sphere -0.508 -2.003 -4.528  0.1030
color 0.8 0.4 0.4
sphere 0.440 0.696 -2.061  0.0120
color 0.2 0.3 0.9
sphere 0.705 0.059 -1.492  0.0265
color 0.2 0.1 0.1
sphere -0.119 -2.380 -4.221  0.1535
color 0.7 0.5 0.7
sphere -0.877 -2.113 -1.639  0.0357
color 0.9 0.1 0.0
sphere 1.243 -1.966 -1.929  0.0962
color 0.8 0.6 0.1
sphere 0.431 -2.821 -2.319  0.0088
color 0.8 0.6 0.3
sphere -1.561 -0.984 -2.066  0.1812
color 0.2 0.9 0.9
sphere -1.316 -2.081 -2.206  0.1213
color 0.8 0.2 0.5
sphere -0.163 -1.812 -1.333  0.1383
color 0.1 0.5 0.2
sphere 1.752 -1.191 -3.530  0.1596
color 0.9 0.6 0.2
sphere -1.874 -1.172 -3.530  0.0454
color 0.7 0.8 0.7
sphere 0.117 0.011 -4.588  0.1131
color 0.9 0.3 0.7
sphere 1.759 -0.895 -2.368  0.1282
color 0.9 0.9 0.2
sphere 1.332 -1.945 -3.836  0.1655
color 0.7 0.2 0.1
sphere -1.287 0.398 -2.611  0.0604
color 0.5 0.3 0.0
sphere -1.502 -1.863 -3.844  0.0729
color 0.9 0.4 0.3
sphere -0.482 -1.340 -4.837  0.0709
color 0.9 0.4 0.4
sphere -1.602 -1.998 -3.386  0.0735
color 0.1 0.4 0.8
sphere 0.748 0.548 -2.070  0.0452
color 0.9 0.7 0.1
sphere -1.400 0.166 -3.167  0.1705
color 0.5 0.8 0.0
sphere -1.751 -1.034 -2.087  0.0245
color 0.3 0.4 0.4
sphere -0.142 -0.501 -1.112  0.0419
color 0.2 0.0 0.6
sphere -1.730 -1.681 -2.694  0.1158
color 0.8 0.6 0.7
sphere 1.900 -1.043 -2.578  0.0533
color 0.4 0.9 0.7
sphere 0.809 -1.913 -1.444  0.0229
color 0.0 1.0 0.9
sphere -1.009 -2.266 -1.876  0.0289
color 0.4 0.6 0.0
sphere 0.722 -1.868 -4.437  0.1724
color 0.6 0.4 0.1
sphere -0.016 -2.779 -3.429  0.1702
color 0.8 0.4 1.0
sphere -1.759 -1.190 -3.838  0.0423
color 0.6 0.4 0.5
sphere 0.030 -2.799 -2.728  0.1806
color 0.5 0.3 0.2
sphere -0.735 -0.434 -1.239  0.0096
color 0.3 0.9 0.4
sphere -1.633 -0.960 -4.002  0.0831
color 0.5 0.5 0.5
sphere 1.616 -1.626 -3.930  0.0329
color 0.2 0.9 0.1
sphere 1.840 -1.551 -2.501  0.0157
color 0.1 0.7 0.6
sphere -0.263 -1.441 -4.830  0.0995
color 0.8 0.4 0.8
sphere -1.764 -0.145 -3.045  0.0391
color 0.0 0.7 0.2
sphere -1.350 -1.170 -4.423  0.0311
color 0.6 0.3 0.2
sphere -0.785 0.760 -2.709  0.0507
color 0.1 0.5 0.6
sphere -1.191 -0.439 -1.704  0.1531
color 0.7 0.5 0.5
sphere -1.611 -1.616 -2.044  0.0285
color 0.8 0.1 0.4
sphere 0.201 0.876 -3.090  0.1113
color 0.6 0.8 0.9
sphere 0.311 -2.690 -2.272  0.1332
color 0.6 0.0 0.4
sphere -0.319 0.281 -1.728  0.1663
color 0.8 0.6 0.0
sphere 0.678 -0.517 -4.674  0.1308
color 0.1 0.6 0.9
sphere -0.594 -1.483 -4.779  0.0630
color 0.9 0.8 0.6
sphere 0.014 -2.682 -3.887  0.0980
color 0.2 0.1 0.5
sphere 0.720 -2.674 -3.790  0.0136
color 0.4 0.5 0.7
sphere 1.710 -1.576 -3.537  0.1175
color 0.0 0.8 0.3
sphere 1.443 0.154 -2.816  0.1430
color 0.0 0.2 0.9
sphere -1.659 -0.079 -2.675  0.0746
color 0.2 0.9 0.7
sphere -1.581 0.072 -3.032  0.0893
color 0.2 0.4 0.3
sphere -1.689 -1.568 -2.381  0.1134
color 0.2 0.3 0.9
sphere -0.319 -1.414 -4.869  0.0590
color 0.5 0.3 0.6
sphere 0.837 -2.365 -4.145  0.0321
color 0.4 0.7 0.7
sphere -0.213 0.795 -2.838  0.1850
color 0.5 0.1 0.3
sphere 1.107 0.635 -2.754  0.0104
color 0.4 0.6 0.8
sphere 1.452 -1.169 -1.726  0.0608
color 0.5 0.8 0.9
sphere 1.124 -0.686 -4.578  0.0376
color 0.5 0.4 0.9
sphere -1.654 -1.802 -2.547  0.1066
color 0.4 0.2 0.4
sphere -0.204 -1.431 -1.228  0.1650
color 0.6 0.3 0.5
sphere 0.805 -2.381 -2.066  0.1491
color 0.0 0.9 0.8
sphere -1.685 -0.980 -4.023  0.0289
color 0.6 0.5 0.1
sphere -1.659 -0.278 -3.228  0.1765
color 0.9 0.2 0.5
sphere 0.366 -1.102 -4.800  0.1598
color 0.7 0.5 0.6
sphere -0.538 -0.499 -4.737  0.1137
color 0.4 0.2 0.3
sphere -1.934 -0.959 -3.001  0.0655
color 0.2 0.8 0.5
sphere 0.681 -2.345 -1.746  0.0385
color 0.2 0.4 0.1
sphere -0.513 -2.786 -2.793  0.1305
color 0.9 1.0 0.1
sphere -1.867 -0.958 -2.895  0.1295
color 0.8 0.5 0.4
sphere -1.863 -0.641 -3.577  0.0164
color 0.5 0.2 0.0
sphere -0.134 0.246 -1.646  0.1553
color 0.6 0.4 0.3
sphere 0.560 0.347 -1.862  0.1499
color 0.1 0.8 0.6
sphere -0.193 -2.686 -2.120  0.0887
color 0.6 0.9 0.7
sphere 0.547 0.445 -4.190  0.0499
color 0.0 0.3 0.0
sphere -1.167 0.088 -4.154  0.0309
color 0.3 0.6 0.4
sphere -1.602 -0.169 -2.492  0.1256
color 0.8 0.9 0.3
sphere -0.146 -2.893 -3.388  0.0625
color 0.0 0.9 0.3
sphere -0.788 0.726 -3.082  0.1010
color 0.3 0.8 0.5
sphere 0.839 -1.206 -1.369  0.1546
color 1.0 0.3 0.5
sphere -1.496 0.097 -2.792  0.1328
color 0.7 0.6 0.3
sphere 0.921 -2.143 -1.772  0.0863
color 0.2 0.0 0.7
sphere -1.665 -2.057 -3.243  0.0132
color 0.8 0.4 0.3
sphere -1.318 -0.634 -1.617  0.0547
color 0.0 0.4 0.6
sphere 1.042 -0.017 -1.748  0.0971
color 0.6 0.8 0.4
sphere 1.838 -1.376 -2.865  0.1196
color 0.4 0.1 0.8
sphere -1.013 0.656 -2.944  0.0582
color 0.3 0.3 0.2
sphere 0.198 -2.938 -3.123  0.0480
color 0.7 0.7 0.5
sphere -1.719 -1.072 -2.048  0.0340
color 0.8 0.7 0.9
sphere -0.517 0.349 -1.831  0.1418
color 0.9 0.7 0.8
sphere -1.724 -1.527 -2.469  0.1207
color 0.5 0.0 0.6
sphere -1.197 -2.461 -3.395  0.0710
color 0.3 0.6 0.2
sphere -1.579 -0.579 -3.861  0.1524
color 1.0 0.6 0.9
sphere -0.157 -2.161 -4.494  0.1014
color 0.1 0.0 0.9
sphere -0.855 0.675 -3.244  0.1037
color 0.1 0.8 0.5
sphere -1.622 -0.129 -3.546  0.0795
color 0.3 0.3 0.2
sphere -0.935 0.422 -3.872  0.0875
color 0.8 0.5 1.0
sphere -0.318 -2.505 -1.796  0.0470
color 0.8 0.2 0.1
sphere -1.851 -0.527 -3.178  0.0809
color 0.3 0.1 0.6
sphere 1.934 -1.044 -2.598  0.0247
color 0.9 0.6 1.0
sphere 1.098 0.334 -2.200  0.0962
color 0.3 0.5 0.4
sphere 0.387 -2.529 -1.868  0.0590
color 0.4 0.0 0.1
sphere 0.633 -2.661 -2.121  0.0171
color 0.8 0.1 0.0
sphere 0.697 -2.132 -4.294  0.1445
color 0.7 0.5 0.1
sphere 1.239 -2.111 -3.716  0.1884
color 0.1 0.4 0.1
sphere 0.697 0.769 -3.537  0.0240
color 0.3 0.4 0.4
sphere 1.376 -1.059 -1.613  0.0454
color 0.4 0.1 0.4
sphere -1.448 0.214 -3.164  0.1038
color 1.0 0.2 0.0
sphere 0.643 0.436 -4.062  0.1018
color 0.7 0.8 0.3
sphere -1.340 -0.125 -1.981  0.1028
color 0.6 0.0 0.2
sphere 1.402 -2.047 -3.586  0.1549
color 0.4 0.3 0.6
sphere 1.366 -0.484 -4.249  0.0786
color 0.6 0.1 0.7
sphere -0.834 -2.468 -2.164  0.1161
color 0.1 0.0 0.9
sphere -0.358 0.632 -2.207  0.1507
